iteration : 1000
 0.0  0.0  0.0  0.0  0.0  0.0 -3.2 -3.5 -3.4 -3.0 -2.9 -3.0 -2.5 -2.3 -2.7 -1.7 -2.7 -2.6 -2.4 -2.6 -2.8 -1.9 -2.6 -2.6 -2.7  0.0  0.0  0.0  0.0  0.0 
 0.0  0.0  0.0  0.0  0.0  0.0 -3.2 -3.3 -3.3 -3.2 -3.2 -3.2 -2.5 -2.6 -2.7 -1.8 -2.6 -2.6 -2.0 -2.0 -2.0 -1.1 -2.0 -2.0 -1.9  0.0  0.0  0.0  0.0  0.0 
 0.0  0.0  0.0  0.0  0.0  0.0 -3.3 -3.3 -3.2 -3.3 -3.3 -3.2 -2.9 -2.6 -2.5 -1.9 -2.7 -2.5 -2.6 -1.9 -2.0 -1.2 -2.0 -1.9 -1.9  0.0  0.0  0.0  0.0  0.0 
 0.0  0.0  0.0  0.0  0.0  0.0 -2.9 -3.0 -3.1 -3.1 -3.2 -2.6 -2.6 -1.8 -1.8 -0.9 -1.9 -1.8 -2.6 -2.0 -2.0 -1.0 -2.0 -2.0 -2.0  0.0  0.0  0.0  0.0  0.0 
 0.0  0.0  0.0  0.0  0.0  0.0 -2.8 -3.0 -2.9 -3.0 -3.5 -2.8 -2.9 -2.0 -2.0 -1.0 -1.9 -2.0 -2.0 -1.1 -1.0 -0.4 -1.1 -1.0 -1.1  0.0  0.0  0.0  0.0  0.0 
 0.0  0.0  0.0  0.0  0.0  0.0 -2.8 -3.0 -2.8 -2.4 -3.1 -3.1 -2.8 -2.0 -2.4 -1.0 -1.9 -2.0 -2.0 -1.9 -2.0 -1.1 -2.0 -1.9 -2.0  0.0  0.0  0.0  0.0  0.0 
 0.0  0.0  0.0  0.0  0.0  0.0 -2.4 -2.4 -2.2 -2.1 -2.5 -2.7 -2.9 -2.0 -1.0  0.0 -1.0 -1.0 -1.0 -1.9 -2.0 -1.1 -2.0 -1.9 -2.0  0.0  0.0  0.0  0.0  0.0 
 0.0  0.0  0.0  0.0  0.0  0.0 -2.5 -2.7 -2.6 -2.3 -2.6 -2.4 -2.9 -2.5 -1.9 -1.0 -1.0 -1.8 -1.9 -2.3 -2.6 -1.9 -2.8 -2.8 -2.0  0.0  0.0  0.0  0.0  0.0 
 0.0  0.0  0.0  0.0  0.0  0.0 -2.2 -2.3 -2.2 -2.2 -2.5 -2.2 -2.4 -2.4 -1.8 -1.0 -1.0 -2.0 -1.9 -2.6 -2.3 -2.6 -3.1 -3.2 -2.8  0.0  0.0  0.0  0.0  0.0 
 0.0  0.0  0.0  0.0  0.0  0.0 -2.6 -2.7 -2.6 -2.2 -2.6 -2.3 -1.9 -1.9 -1.0 -1.0 -0.1 -1.0 -1.0 -1.9 -1.9 -2.7 -3.0 -3.1 -2.7  0.0  0.0  0.0  0.0  0.0 

