iteration : 2500
 0.0  0.0  0.0  0.0  0.0  0.0 -5.0 -5.0 -5.0 -4.0 -4.0 -4.0 -3.0 -3.0 -3.0 -2.0 -3.0 -3.0 -3.0 -4.0 -4.0 -4.0 -4.9 -5.0 -5.0  0.0  0.0  0.0  0.0  0.0 
 0.0  0.0  0.0  0.0  0.0  0.0 -5.0 -5.0 -5.0 -4.0 -4.0 -4.0 -3.0 -3.0 -3.0 -2.0 -3.0 -3.0 -3.0 -4.0 -4.0 -4.0 -5.0 -5.0 -5.0  0.0  0.0  0.0  0.0  0.0 
 0.0  0.0  0.0  0.0  0.0  0.0 -6.0 -5.9 -5.9 -5.0 -5.0 -4.0 -4.0 -3.0 -3.0 -2.0 -3.0 -3.0 -3.0 -4.0 -4.0 -4.9 -5.0 -5.8 -5.8  0.0  0.0  0.0  0.0  0.0 
 0.0  0.0  0.0  0.0  0.0  0.0 -5.0 -5.0 -5.0 -4.0 -4.0 -3.0 -3.0 -2.0 -2.0 -1.0 -2.0 -2.0 -3.0 -3.0 -4.0 -4.0 -5.0 -5.0 -5.0  0.0  0.0  0.0  0.0  0.0 
 0.0  0.0  0.0  0.0  0.0  0.0 -6.0 -6.0 -5.0 -5.0 -4.0 -3.0 -3.0 -2.0 -2.0 -1.0 -2.0 -2.0 -2.0 -3.0 -3.0 -4.0 -4.0 -5.0 -5.0  0.0  0.0  0.0  0.0  0.0 
 0.0  0.0  0.0  0.0  0.0  0.0 -6.0 -6.0 -6.0 -6.0 -5.0 -4.0 -3.0 -2.0 -3.0 -1.0 -3.0 -2.0 -2.0 -3.0 -3.0 -4.0 -4.0 -5.0 -5.0  0.0  0.0  0.0  0.0  0.0 
 0.0  0.0  0.0  0.0  0.0  0.0 -6.0 -6.0 -5.0 -5.0 -4.0 -3.0 -3.0 -2.0 -1.0  0.0 -1.0 -1.0 -1.0 -2.0 -2.0 -3.0 -3.0 -4.0 -4.0  0.0  0.0  0.0  0.0  0.0 
 0.0  0.0  0.0  0.0  0.0  0.0 -6.0 -6.0 -6.0 -5.0 -5.0 -4.0 -4.0 -3.0 -2.0 -1.0 -3.0 -2.0 -2.0 -3.0 -3.0 -4.0 -4.0 -5.0 -5.0  0.0  0.0  0.0  0.0  0.0 
 0.0  0.0  0.0  0.0  0.0  0.0 -6.0 -6.0 -6.0 -5.0 -5.0 -4.0 -4.0 -3.0 -3.0 -1.0 -2.0 -2.0 -2.0 -3.0 -3.0 -4.0 -5.0 -6.0 -5.0  0.0  0.0  0.0  0.0  0.0 
 0.0  0.0  0.0  0.0  0.0  0.0 -5.0 -5.0 -5.0 -4.0 -4.0 -3.0 -3.0 -2.0 -2.0 -1.0 -2.0 -2.0 -3.0 -3.0 -4.0 -4.0 -5.0 -6.0 -5.0  0.0  0.0  0.0  0.0  0.0 

