iteration : 25000
 0.0  0.0  0.0  0.0  0.0  0.0 -5.0 -5.0 -5.0 -4.0 -4.0 -4.0 -3.0 -3.0 -3.0 -2.0 -3.0 -3.0 -3.0 -4.0 -4.0 -4.0 -5.0 -5.0 -5.0  0.0  0.0  0.0  0.0  0.0 
 0.0  0.0  0.0  0.0  0.0  0.0 -5.0 -5.0 -5.0 -4.0 -4.0 -4.0 -3.0 -3.0 -3.0 -2.0 -3.0 -3.0 -3.0 -4.0 -4.0 -4.0 -4.9 -5.0 -5.0  0.0  0.0  0.0  0.0  0.0 
 0.0  0.0  0.0  0.0  0.0  0.0 -6.0 -5.9 -5.8 -5.0 -4.9 -4.0 -4.0 -3.0 -3.0 -2.0 -3.0 -3.0 -3.0 -4.0 -4.0 -5.0 -5.0 -5.7 -5.8  0.0  0.0  0.0  0.0  0.0 
 0.0  0.0  0.0  0.0  0.0  0.0 -5.0 -5.0 -5.0 -4.0 -4.0 -3.0 -3.0 -2.0 -2.0 -1.0 -2.0 -2.0 -3.0 -3.0 -4.0 -4.0 -5.0 -5.0 -5.0  0.0  0.0  0.0  0.0  0.0 
 0.0  0.0  0.0  0.0  0.0  0.0 -6.0 -5.9 -5.0 -5.0 -4.0 -3.0 -3.0 -2.0 -2.0 -1.0 -2.0 -2.0 -2.0 -3.0 -3.0 -4.0 -4.0 -5.0 -5.0  0.0  0.0  0.0  0.0  0.0 
 0.0  0.0  0.0  0.0  0.0  0.0 -6.0 -6.0 -6.0 -6.0 -5.0 -4.0 -3.0 -2.0 -3.0 -1.0 -3.0 -2.0 -2.0 -3.0 -3.0 -4.0 -4.0 -5.0 -5.0  0.0  0.0  0.0  0.0  0.0 
 0.0  0.0  0.0  0.0  0.0  0.0 -6.0 -6.0 -5.0 -5.0 -4.0 -3.0 -3.0 -2.0 -1.0  0.0 -1.0 -1.0 -1.0 -2.0 -2.0 -3.0 -3.0 -4.0 -4.0  0.0  0.0  0.0  0.0  0.0 
 0.0  0.0  0.0  0.0  0.0  0.0 -6.0 -6.0 -5.9 -5.0 -5.0 -4.0 -4.0 -3.0 -2.0 -1.0 -2.8 -2.0 -2.0 -3.0 -3.0 -4.0 -4.0 -5.0 -5.0  0.0  0.0  0.0  0.0  0.0 
 0.0  0.0  0.0  0.0  0.0  0.0 -6.0 -5.9 -5.9 -5.0 -5.0 -4.0 -4.0 -3.0 -2.9 -1.0 -2.0 -2.0 -2.0 -3.0 -3.0 -4.0 -5.0 -6.0 -5.0  0.0  0.0  0.0  0.0  0.0 
 0.0  0.0  0.0  0.0  0.0  0.0 -5.0 -5.0 -5.0 -4.0 -4.0 -3.0 -3.0 -2.0 -2.0 -1.0 -2.0 -2.0 -3.0 -3.0 -4.0 -4.0 -5.0 -5.9 -5.0  0.0  0.0  0.0  0.0  0.0 

