iteration : 10000
 0.0  0.0  0.0  0.0  0.0  0.0 -5.0 -4.9 -4.9 -4.0 -4.0 -4.0 -3.0 -3.0 -3.0 -2.0 -3.0 -3.0 -3.0 -4.0 -4.0 -4.0 -4.7 -4.8 -5.0  0.0  0.0  0.0  0.0  0.0 
 0.0  0.0  0.0  0.0  0.0  0.0 -5.0 -4.7 -4.7 -4.0 -4.0 -3.9 -3.0 -3.0 -3.0 -2.0 -3.0 -3.0 -3.0 -3.8 -3.9 -4.0 -4.5 -4.5 -4.9  0.0  0.0  0.0  0.0  0.0 
 0.0  0.0  0.0  0.0  0.0  0.0 -5.6 -5.1 -5.1 -4.8 -4.5 -3.9 -3.7 -3.0 -3.0 -2.0 -2.9 -3.0 -3.0 -3.8 -4.0 -4.6 -4.8 -4.7 -5.2  0.0  0.0  0.0  0.0  0.0 
 0.0  0.0  0.0  0.0  0.0  0.0 -5.0 -5.0 -5.0 -4.0 -4.0 -3.0 -3.0 -2.0 -2.0 -1.0 -2.0 -2.0 -3.0 -3.0 -3.9 -4.0 -4.7 -4.8 -5.0  0.0  0.0  0.0  0.0  0.0 
 0.0  0.0  0.0  0.0  0.0  0.0 -5.7 -5.4 -5.0 -5.0 -4.0 -3.0 -3.0 -2.0 -2.0 -1.0 -2.0 -2.0 -2.0 -3.0 -3.0 -4.0 -4.0 -4.7 -4.9  0.0  0.0  0.0  0.0  0.0 
 0.0  0.0  0.0  0.0  0.0  0.0 -5.9 -5.5 -5.7 -5.8 -4.9 -4.0 -3.0 -2.0 -2.7 -1.0 -2.7 -2.0 -2.0 -3.0 -3.0 -4.0 -4.0 -4.6 -4.9  0.0  0.0  0.0  0.0  0.0 
 0.0  0.0  0.0  0.0  0.0  0.0 -5.7 -5.5 -5.0 -5.0 -4.0 -3.0 -3.0 -2.0 -1.0  0.0 -1.0 -1.0 -1.0 -2.0 -2.0 -3.0 -3.0 -4.0 -4.0  0.0  0.0  0.0  0.0  0.0 
 0.0  0.0  0.0  0.0  0.0  0.0 -5.8 -5.5 -5.5 -5.0 -4.7 -4.0 -4.0 -3.0 -2.0 -1.0 -2.5 -2.0 -2.0 -3.0 -3.0 -3.8 -4.0 -4.8 -4.9  0.0  0.0  0.0  0.0  0.0 
 0.0  0.0  0.0  0.0  0.0  0.0 -5.6 -5.4 -5.3 -4.9 -4.6 -4.0 -3.9 -3.0 -2.6 -1.0 -2.0 -2.0 -2.0 -2.9 -3.0 -4.0 -5.0 -5.6 -5.0  0.0  0.0  0.0  0.0  0.0 
 0.0  0.0  0.0  0.0  0.0  0.0 -5.0 -5.0 -5.0 -4.0 -4.0 -3.0 -3.0 -2.0 -2.0 -1.0 -2.0 -2.0 -3.0 -3.0 -3.7 -4.0 -5.0 -5.4 -5.0  0.0  0.0  0.0  0.0  0.0 

