iteration : 5000
 0.0  0.0  0.0  0.0  0.0  0.0 -5.0 -4.5 -4.6 -4.0 -4.0 -3.9 -3.0 -3.0 -3.0 -2.0 -3.0 -3.0 -3.0 -3.7 -3.8 -4.0 -4.4 -4.2 -4.9  0.0  0.0  0.0  0.0  0.0 
 0.0  0.0  0.0  0.0  0.0  0.0 -4.8 -4.2 -4.3 -4.0 -3.7 -3.6 -3.0 -2.9 -2.9 -2.0 -2.9 -2.8 -2.9 -3.4 -3.5 -3.8 -3.9 -3.8 -4.4  0.0  0.0  0.0  0.0  0.0 
 0.0  0.0  0.0  0.0  0.0  0.0 -5.1 -4.5 -4.6 -4.4 -4.0 -3.6 -3.4 -2.9 -2.8 -2.0 -2.7 -2.8 -3.0 -3.5 -3.7 -4.1 -4.2 -4.1 -4.6  0.0  0.0  0.0  0.0  0.0 
 0.0  0.0  0.0  0.0  0.0  0.0 -5.0 -4.6 -4.6 -4.0 -3.9 -3.0 -3.0 -2.0 -2.0 -1.0 -2.0 -2.0 -2.9 -3.0 -3.7 -4.0 -4.2 -4.1 -4.6  0.0  0.0  0.0  0.0  0.0 
 0.0  0.0  0.0  0.0  0.0  0.0 -5.2 -4.8 -4.8 -4.8 -4.0 -3.0 -2.9 -2.0 -2.0 -1.0 -2.0 -2.0 -2.0 -3.0 -3.0 -3.9 -3.9 -4.1 -4.5  0.0  0.0  0.0  0.0  0.0 
 0.0  0.0  0.0  0.0  0.0  0.0 -5.3 -4.8 -5.1 -5.4 -4.7 -3.9 -3.0 -2.0 -2.5 -1.0 -2.2 -2.0 -2.0 -2.9 -3.0 -3.8 -3.9 -4.0 -4.5  0.0  0.0  0.0  0.0  0.0 
 0.0  0.0  0.0  0.0  0.0  0.0 -5.2 -4.8 -4.9 -4.8 -4.0 -3.0 -3.0 -2.0 -1.0  0.0 -1.0 -1.0 -1.0 -2.0 -2.0 -3.0 -3.0 -3.7 -4.0  0.0  0.0  0.0  0.0  0.0 
 0.0  0.0  0.0  0.0  0.0  0.0 -5.2 -4.8 -4.9 -4.7 -4.4 -3.9 -3.9 -3.0 -2.0 -1.0 -2.1 -2.0 -2.0 -2.9 -3.0 -3.6 -4.0 -4.1 -4.6  0.0  0.0  0.0  0.0  0.0 
 0.0  0.0  0.0  0.0  0.0  0.0 -5.2 -4.7 -4.8 -4.6 -4.3 -3.8 -3.6 -3.0 -2.4 -1.0 -2.0 -1.9 -2.0 -2.7 -3.0 -4.0 -4.7 -4.8 -4.4  0.0  0.0  0.0  0.0  0.0 
 0.0  0.0  0.0  0.0  0.0  0.0 -5.0 -4.8 -4.7 -4.0 -4.0 -3.0 -3.0 -2.0 -2.0 -1.0 -2.0 -2.0 -2.9 -3.0 -3.5 -4.0 -4.8 -4.5 -4.9  0.0  0.0  0.0  0.0  0.0 

